0 
0 
0 
3 
7 
9 
9 
12 
14 
15 
20 
23 
25 
31 
35 
39 
42 
45 
48 
50 
54 
58 
60 
64 
68 
71 
75 
77 
80 
85 
88 
90 
95 
100 
103 
106 
110 
114 
119 
122 
126 
128 
133 
136 
140 
144 
148 
151 
155 
159 
161 
164 
167 
169 
172 
176 
180 
184 
188 
192 
195 
197 
201 
205 
207 
211 
215 
219 
220 
224 
228 
231 
235 
239 
242 
244 
248 
252 
255 
258 
261 
265 
268 
272 
277 
280 
285 
289 
293 
295 
299 
303 
305 
310 
316 
318 
321 
323 
326 
331 
336 
341 
344 
347 
349 
353 
355 
359 
363 
365 
369 
373 
376 
380 
382 
386 
387 
390 
393 
396 
403 
407 
410 
414 
417 
423 
428 
432 
436 
439 
443 
445 
448 
452 
456 
459 
463 
466 
470 
474 
478 
483 
487 
490 
494 
499 
501 
505 
506 
509 
511 
515 
518 
522 
525 
529 
531 
534 
539 
540 
543 
545 
549 
553 
555 
560 
564 
568 
571 
575 
579 
583 
587 
590 
593 
596 
598 
601 
605 
608 
