0 
0 
0 
1 
1 
1 
1 
2 
2 
3 
3 
4 
5 
7 
7 
9 
10 
12 
13 
15 
16 
17 
19 
21 
22 
23 
25 
27 
28 
29 
31 
33 
33 
35 
37 
38 
39 
41 
42 
44 
45 
47 
49 
49 
51 
53 
54 
55 
57 
59 
61 
61 
63 
65 
67 
67 
69 
71 
71 
73 
74 
76 
77 
79 
81 
81 
83 
85 
86 
87 
89 
91 
92 
93 
95 
97 
98 
99 
101 
103 
104 
105 
107 
109 
110 
111 
113 
114 
116 
117 
118 
121 
121 
123 
125 
126 
127 
129 
131 
132 
133 
135 
136 
137 
139 
141 
143 
143 
145 
147 
148 
149 
151 
153 
154 
155 
157 
159 
159 
161 
163 
164 
165 
167 
168 
170 
171 
173 
175 
176 
177 
179 
180 
181 
183 
185 
185 
187 
189 
190 
191 
193 
195 
196 
197 
199 
201 
201 
203 
205 
206 
207 
209 
211 
212 
213 
215 
217 
218 
219 
221 
223 
224 
225 
227 
228 
229 
231 
232 
233 
235 
237 
239 
239 
241 
243 
243 
245 
247 
248 
