0 
0 
1 
5 
7 
7 
7 
7 
9 
10 
11 
14 
16 
18 
21 
22 
25 
28 
30 
32 
36 
38 
41 
43 
46 
49 
52 
55 
58 
60 
63 
66 
69 
72 
74 
77 
79 
82 
86 
88 
90 
94 
97 
99 
102 
104 
107 
111 
113 
116 
119 
122 
124 
128 
131 
133 
135 
139 
140 
144 
147 
148 
151 
154 
156 
160 
163 
165 
168 
171 
174 
177 
179 
184 
185 
188 
191 
194 
196 
198 
201 
204 
207 
210 
213 
215 
218 
221 
224 
227 
229 
233 
235 
238 
242 
243 
246 
249 
251 
255 
257 
259 
262 
264 
266 
269 
272 
274 
276 
281 
282 
285 
289 
291 
294 
297 
300 
302 
305 
308 
311 
313 
316 
319 
322 
325 
327 
330 
333 
336 
339 
341 
344 
347 
349 
352 
355 
358 
360 
363 
366 
370 
372 
374 
378 
381 
383 
386 
390 
392 
395 
397 
401 
403 
406 
409 
412 
414 
418 
421 
423 
426 
429 
431 
434 
438 
441 
443 
446 
449 
451 
454 
456 
459 
462 
465 
468 
471 
473 
477 
