0 0 
0 0 
0 0 
3 0 
5 0 
7 0 
11 0 
16 1 
16 1 
19 1 
22 1 
25 1 
30 1 
33 1 
37 1 
40 1 
44 1 
48 1 
51 1 
54 1 
57 1 
63 1 
64 1 
69 1 
73 1 
75 1 
81 1 
83 1 
88 1 
92 1 
94 1 
98 1 
103 1 
107 1 
110 1 
114 1 
119 1 
122 1 
126 1 
129 1 
133 1 
136 1 
140 1 
142 1 
146 1 
150 1 
155 1 
159 1 
163 1 
165 1 
168 1 
172 1 
176 1 
179 1 
181 1 
186 1 
189 1 
193 1 
194 1 
198 1 
202 1 
204 1 
207 1 
212 1 
215 1 
219 1 
222 1 
227 1 
232 1 
236 1 
239 1 
242 1 
247 1 
250 1 
254 1 
257 1 
260 1 
264 1 
267 1 
271 1 
275 1 
278 1 
281 1 
286 1 
289 1 
291 1 
294 1 
297 1 
301 1 
302 1 
306 1 
310 1 
315 1 
319 1 
322 1 
326 1 
331 1 
336 1 
339 1 
342 1 
346 1 
350 1 
353 1 
356 1 
359 1 
362 1 
365 1 
368 1 
372 1 
376 1 
380 1 
382 1 
387 1 
390 1 
394 1 
394 1 
399 1 
403 1 
406 1 
410 1 
414 1 
417 1 
421 1 
425 1 
430 1 
433 1 
437 1 
439 1 
442 1 
445 1 
449 1 
452 1 
455 1 
457 1 
460 1 
464 1 
468 1 
473 1 
477 1 
480 1 
486 1 
488 1 
492 1 
495 1 
498 1 
503 1 
506 1 
508 1 
512 1 
516 1 
521 1 
523 1 
525 1 
527 1 
533 1 
537 1 
540 1 
543 1 
547 1 
550 1 
553 1 
559 1 
560 1 
564 1 
570 1 
573 1 
576 1 
582 1 
585 1 
590 1 
593 1 
597 1 
601 1 
604 1 
608 1 
612 1 
615 1 
619 1 
623 1 
627 1 
