0 0 
0 0 
0 0 
1 0 
1 0 
2 0 
2 0 
2 0 
3 1 
3 1 
4 1 
4 1 
4 1 
4 1 
4 1 
4 3 
4 4 
4 4 
4 4 
4 4 
4 5 
5 6 
5 6 
5 6 
5 6 
5 6 
5 6 
5 6 
5 7 
5 9 
5 9 
5 10 
5 11 
5 12 
5 13 
5 13 
5 14 
5 17 
5 17 
5 18 
5 21 
5 22 
5 23 
5 25 
5 26 
5 29 
5 30 
5 31 
5 33 
5 34 
5 37 
5 38 
5 40 
5 41 
5 42 
5 45 
5 46 
5 48 
5 50 
5 51 
5 53 
5 54 
5 56 
5 58 
5 60 
5 61 
5 62 
5 65 
5 66 
5 68 
5 70 
5 71 
5 73 
5 74 
5 76 
5 78 
5 79 
5 81 
5 82 
5 85 
5 86 
5 88 
5 90 
5 90 
5 93 
5 94 
5 96 
5 98 
5 99 
5 101 
5 102 
5 105 
5 106 
5 108 
5 110 
5 110 
5 113 
5 114 
5 116 
5 118 
5 119 
5 121 
5 122 
5 124 
5 126 
5 128 
5 130 
5 130 
5 133 
5 134 
5 136 
5 138 
5 139 
5 141 
5 142 
5 145 
5 146 
5 148 
5 150 
5 150 
5 153 
5 154 
5 156 
5 158 
5 159 
5 161 
5 162 
5 165 
5 166 
5 167 
5 169 
5 170 
5 173 
5 174 
5 176 
5 178 
5 179 
5 181 
5 182 
5 185 
5 186 
5 188 
5 190 
5 190 
5 193 
5 194 
5 196 
5 198 
5 198 
5 201 
5 202 
5 205 
5 206 
5 207 
5 210 
5 210 
5 213 
5 214 
5 216 
5 218 
5 218 
5 221 
5 222 
5 225 
5 226 
5 227 
5 230 
5 230 
5 233 
5 234 
5 236 
5 238 
5 239 
5 241 
5 242 
5 245 
5 246 
5 247 
5 250 
5 250 
