0 0 
0 0 
0 0 
2 1 
3 2 
6 2 
7 2 
8 2 
9 2 
11 2 
13 2 
14 2 
15 2 
18 2 
21 2 
23 2 
24 2 
27 2 
30 2 
32 2 
35 2 
39 2 
41 2 
43 2 
47 2 
50 2 
51 2 
55 2 
58 2 
60 2 
63 2 
67 2 
68 2 
72 2 
75 2 
77 2 
81 2 
83 2 
85 2 
88 2 
91 2 
94 2 
96 2 
99 2 
102 2 
105 2 
108 2 
110 2 
113 2 
116 2 
118 2 
121 2 
125 2 
126 2 
129 2 
132 2 
134 2 
137 2 
141 2 
143 2 
146 2 
149 2 
152 2 
154 2 
157 2 
160 2 
162 2 
165 2 
168 2 
171 2 
173 2 
176 2 
179 2 
181 2 
184 2 
187 2 
190 2 
193 2 
195 2 
198 2 
202 2 
204 2 
206 2 
209 2 
212 2 
215 2 
217 2 
221 2 
222 2 
225 2 
229 2 
230 2 
233 2 
236 2 
239 2 
242 2 
244 2 
248 2 
250 2 
252 2 
256 2 
258 2 
261 2 
264 2 
267 2 
270 2 
272 2 
275 2 
279 2 
280 2 
283 2 
286 2 
289 2 
292 2 
295 2 
297 2 
300 2 
303 2 
305 2 
309 2 
311 2 
313 2 
316 2 
319 2 
321 2 
325 2 
328 2 
329 2 
333 2 
336 2 
338 2 
341 2 
344 2 
346 2 
348 2 
353 2 
354 2 
356 2 
360 2 
363 2 
365 2 
368 2 
370 2 
373 2 
376 2 
379 2 
382 2 
384 2 
388 2 
390 2 
392 2 
396 2 
398 2 
400 2 
403 2 
407 2 
409 2 
412 2 
414 2 
417 2 
420 2 
423 2 
426 2 
428 2 
432 2 
435 2 
436 2 
439 2 
443 2 
445 2 
447 2 
451 2 
453 2 
455 2 
458 2 
461 2 
463 2 
466 2 
470 2 
472 2 
