0 0 0 
0 0 0 
0 0 0 
1 0 0 
4 0 0 
8 2 1 
9 2 1 
10 2 1 
12 2 2 
13 2 2 
14 2 2 
16 2 2 
19 2 3 
22 2 3 
24 2 3 
27 2 3 
31 2 3 
36 2 3 
39 2 3 
43 2 3 
48 2 3 
51 2 3 
54 2 3 
58 2 3 
62 2 3 
67 2 3 
69 2 3 
73 2 3 
76 2 3 
80 2 3 
83 2 3 
86 2 3 
90 2 3 
93 2 3 
98 2 3 
102 2 3 
104 2 3 
110 2 3 
114 2 3 
117 2 3 
121 2 3 
125 2 3 
128 2 3 
132 2 3 
134 2 3 
136 2 3 
141 2 3 
144 2 3 
147 2 3 
152 2 3 
155 2 3 
157 2 3 
160 2 3 
164 2 3 
169 2 3 
173 2 3 
178 2 3 
182 2 3 
185 2 3 
187 2 3 
190 2 3 
194 2 3 
197 2 3 
200 2 3 
203 2 3 
205 2 3 
209 2 3 
212 2 3 
217 2 3 
219 2 3 
223 2 3 
228 2 3 
232 2 3 
237 2 3 
239 2 3 
243 2 3 
247 2 3 
250 2 3 
255 2 3 
258 2 3 
263 2 3 
265 2 3 
270 2 3 
274 2 3 
278 2 3 
281 2 3 
286 2 3 
290 2 3 
294 2 3 
298 2 3 
302 2 3 
306 2 3 
309 2 3 
313 2 3 
317 2 3 
320 2 3 
323 2 3 
328 2 3 
332 2 3 
336 2 3 
340 2 3 
343 2 3 
347 2 3 
351 2 3 
356 2 3 
359 2 3 
363 2 3 
366 2 3 
370 2 3 
374 2 3 
377 2 3 
381 2 3 
385 2 3 
387 2 3 
391 2 3 
395 2 3 
400 2 3 
404 2 3 
407 2 3 
411 2 3 
415 2 3 
417 2 3 
419 2 3 
424 2 3 
427 2 3 
433 2 3 
438 2 3 
441 2 3 
445 2 3 
449 2 3 
452 2 3 
456 2 3 
460 2 3 
465 2 3 
467 2 3 
472 2 3 
475 2 3 
477 2 3 
480 2 3 
483 2 3 
486 2 3 
489 2 3 
491 2 3 
493 2 3 
497 2 3 
503 2 3 
505 2 3 
509 2 3 
511 2 3 
514 2 3 
517 2 3 
521 2 3 
525 2 3 
531 2 3 
535 2 3 
538 2 3 
541 2 3 
544 2 3 
546 2 3 
550 2 3 
554 2 3 
558 2 3 
562 2 3 
565 2 3 
568 2 3 
573 2 3 
575 2 3 
579 2 3 
584 2 3 
588 2 3 
591 2 3 
596 2 3 
599 2 3 
601 2 3 
605 2 3 
608 2 3 
610 2 3 
613 2 3 
618 2 3 
621 2 3 
