0 0 0 
0 0 0 
0 0 1 
1 0 2 
1 0 3 
2 1 3 
2 1 5 
2 2 7 
2 2 8 
2 2 9 
3 2 11 
3 2 14 
5 2 15 
6 2 15 
8 2 16 
11 2 16 
13 2 16 
15 2 16 
15 2 16 
18 2 16 
22 2 16 
24 2 16 
27 2 16 
30 2 16 
32 2 16 
35 2 16 
38 2 16 
41 2 16 
43 2 16 
47 2 16 
49 2 16 
51 2 16 
54 2 16 
57 2 16 
59 2 16 
63 2 16 
65 2 16 
67 2 16 
71 2 16 
74 2 16 
76 2 16 
79 2 16 
82 2 16 
84 2 16 
87 2 16 
91 2 16 
92 2 16 
95 2 16 
99 2 16 
100 2 16 
103 2 16 
107 2 16 
109 2 16 
112 2 16 
115 2 16 
117 2 16 
121 2 16 
123 2 16 
126 2 16 
129 2 16 
131 2 16 
134 2 16 
138 2 16 
140 2 16 
143 2 16 
146 2 16 
148 2 16 
151 2 16 
154 2 16 
156 2 16 
159 2 16 
162 2 16 
165 2 16 
167 2 16 
170 2 16 
173 2 16 
175 2 16 
178 2 16 
181 2 16 
183 2 16 
186 2 16 
189 2 16 
191 2 16 
194 2 16 
197 2 16 
200 2 16 
203 2 16 
205 2 16 
208 2 16 
211 2 16 
214 2 16 
217 2 16 
220 2 16 
223 2 16 
225 2 16 
228 2 16 
231 2 16 
234 2 16 
237 2 16 
239 2 16 
242 2 16 
245 2 16 
248 2 16 
250 2 16 
253 2 16 
255 2 16 
259 2 16 
261 2 16 
263 2 16 
268 2 16 
270 2 16 
272 2 16 
275 2 16 
278 2 16 
280 2 16 
283 2 16 
286 2 16 
289 2 16 
291 2 16 
294 2 16 
297 2 16 
300 2 16 
303 2 16 
305 2 16 
308 2 16 
311 2 16 
313 2 16 
316 2 16 
318 2 16 
321 2 16 
324 2 16 
326 2 16 
329 2 16 
333 2 16 
335 2 16 
338 2 16 
341 2 16 
344 2 16 
346 2 16 
349 2 16 
352 2 16 
355 2 16 
357 2 16 
360 2 16 
364 2 16 
366 2 16 
369 2 16 
372 2 16 
374 2 16 
377 2 16 
380 2 16 
383 2 16 
385 2 16 
388 2 16 
392 2 16 
394 2 16 
396 2 16 
400 2 16 
401 2 16 
404 2 16 
407 2 16 
409 2 16 
413 2 16 
416 2 16 
418 2 16 
422 2 16 
424 2 16 
426 2 16 
429 2 16 
432 2 16 
434 2 16 
437 2 16 
440 2 16 
442 2 16 
445 2 16 
449 2 16 
451 2 16 
453 2 16 
456 2 16 
459 2 16 
