0 0 0 
0 0 0 
1 0 0 
4 0 0 
9 0 1 
11 0 1 
13 1 1 
13 1 1 
16 1 1 
18 2 1 
19 3 1 
22 3 1 
25 4 1 
26 4 1 
29 6 2 
31 9 2 
33 9 3 
33 11 4 
36 13 4 
36 16 5 
37 18 6 
38 21 6 
40 24 6 
42 28 6 
42 32 6 
43 34 6 
45 37 6 
48 40 6 
50 42 6 
51 46 6 
53 50 6 
57 53 6 
60 56 6 
62 56 6 
65 59 6 
66 61 6 
68 63 6 
70 66 6 
73 69 6 
76 70 6 
79 73 6 
81 75 6 
85 77 6 
89 80 6 
90 84 6 
92 86 6 
96 88 6 
98 92 6 
100 93 6 
103 96 6 
106 99 6 
108 102 6 
111 106 6 
114 109 6 
114 112 6 
115 117 6 
116 120 6 
119 125 6 
120 127 6 
124 131 6 
125 134 6 
128 136 6 
129 139 6 
132 141 6 
133 144 6 
135 147 6 
138 150 6 
140 155 6 
140 158 6 
143 163 6 
143 165 6 
146 169 6 
148 171 6 
151 173 6 
153 175 6 
156 178 6 
157 180 6 
160 183 6 
162 184 6 
165 190 6 
166 193 6 
167 197 6 
169 200 6 
170 204 6 
171 207 6 
173 211 6 
174 216 6 
176 221 6 
176 223 6 
179 226 6 
180 227 6 
182 232 6 
184 235 6 
186 238 6 
188 241 6 
189 243 6 
192 247 6 
195 249 6 
197 252 6 
199 255 6 
202 259 6 
205 261 6 
206 263 6 
210 266 6 
213 269 6 
215 273 6 
217 275 6 
220 279 6 
221 282 6 
225 286 6 
229 288 6 
230 292 6 
232 295 6 
234 298 6 
237 301 6 
239 304 6 
243 308 6 
245 311 6 
246 314 6 
249 319 6 
251 322 6 
253 324 6 
256 329 6 
259 331 6 
261 335 6 
263 339 6 
266 342 6 
269 346 6 
270 349 6 
273 353 6 
275 356 6 
278 359 6 
280 361 6 
284 362 6 
286 365 6 
287 366 6 
287 369 6 
291 374 6 
292 377 6 
292 382 6 
293 386 6 
293 388 8 
293 392 9 
293 396 9 
293 401 10 
293 405 10 
293 410 10 
294 413 10 
294 416 10 
296 420 10 
297 425 10 
298 429 10 
299 432 10 
299 434 10 
301 437 10 
302 439 10 
304 443 10 
306 446 10 
306 449 10 
308 453 10 
308 456 10 
312 459 10 
313 462 10 
316 464 10 
319 467 10 
321 469 10 
324 474 10 
326 476 10 
330 478 10 
331 479 10 
336 484 10 
338 486 10 
340 488 10 
343 490 10 
344 495 10 
347 497 10 
348 500 10 
351 503 10 
352 507 10 
354 511 10 
