0 0 0 
0 0 0 
0 0 0 
1 0 0 
3 0 0 
3 1 0 
3 1 0 
3 1 0 
3 1 0 
3 1 0 
3 2 0 
3 2 1 
3 2 1 
4 3 1 
4 3 1 
4 4 2 
4 5 2 
4 6 2 
4 8 2 
4 10 2 
4 12 2 
4 14 2 
5 14 2 
7 15 2 
7 15 2 
7 16 2 
7 16 2 
7 16 2 
8 16 2 
10 16 2 
11 16 2 
11 16 2 
11 16 2 
11 17 2 
11 17 2 
12 17 2 
12 17 2 
12 17 2 
12 17 2 
12 17 2 
12 17 2 
12 18 2 
12 19 2 
12 19 2 
14 19 2 
14 19 2 
14 19 2 
15 19 2 
15 19 2 
15 19 2 
18 19 3 
18 19 3 
18 19 3 
18 19 4 
18 20 5 
18 20 5 
18 21 5 
18 21 5 
18 22 5 
19 23 5 
19 23 5 
20 24 5 
21 24 5 
22 24 5 
23 25 5 
25 25 5 
26 26 5 
28 26 5 
28 27 5 
30 27 5 
31 28 5 
33 28 5 
34 29 5 
36 29 5 
37 29 5 
37 31 5 
37 33 5 
37 34 5 
37 36 5 
37 38 5 
37 40 5 
37 42 5 
38 43 5 
38 44 5 
39 45 5 
39 46 5 
39 46 5 
40 46 5 
41 47 5 
42 47 5 
43 48 5 
43 48 5 
45 49 5 
45 49 5 
47 49 5 
48 49 5 
48 49 5 
49 49 5 
50 49 5 
50 50 5 
51 50 5 
51 50 5 
51 50 5 
51 50 5 
51 50 5 
51 51 5 
51 51 5 
52 51 5 
53 52 5 
53 52 6 
53 52 6 
53 52 6 
53 52 6 
53 52 6 
53 53 6 
53 53 6 
53 54 6 
53 54 7 
53 54 7 
54 54 7 
54 54 7 
54 54 7 
54 54 8 
54 54 8 
54 54 9 
54 54 10 
54 54 11 
54 54 12 
54 54 12 
55 54 12 
55 54 13 
55 55 13 
55 56 13 
55 58 13 
55 59 13 
55 62 13 
55 63 13 
55 65 13 
55 67 13 
55 69 13 
55 71 13 
55 72 13 
55 75 13 
55 76 13 
55 78 13 
55 80 13 
55 81 13 
55 83 13 
55 85 13 
56 86 13 
56 88 13 
56 89 13 
56 90 13 
56 91 13 
57 92 13 
57 93 13 
57 94 13 
57 95 14 
57 95 15 
57 96 15 
57 96 15 
57 97 17 
57 97 18 
57 98 19 
57 98 20 
57 98 22 
57 99 23 
57 100 24 
57 100 26 
57 101 26 
57 102 26 
57 103 26 
57 104 28 
57 104 28 
57 104 29 
57 105 29 
57 105 29 
57 106 29 
57 106 29 
58 106 30 
