0 0 0 
0 0 0 
0 0 0 
2 0 1 
2 0 1 
5 0 1 
6 1 1 
7 1 2 
8 1 2 
10 2 2 
12 3 2 
12 4 2 
13 6 2 
13 9 2 
13 10 2 
14 12 2 
15 14 2 
15 17 2 
16 18 2 
16 22 2 
16 24 2 
16 27 2 
16 30 2 
16 32 2 
16 36 2 
16 39 2 
16 41 2 
17 44 2 
17 47 2 
17 50 2 
17 53 2 
17 56 2 
17 59 2 
17 61 2 
17 63 2 
17 66 2 
17 67 2 
17 69 2 
17 71 2 
17 74 2 
17 76 2 
17 78 2 
17 82 2 
17 84 2 
17 84 2 
17 88 2 
17 90 2 
17 92 2 
17 95 2 
17 98 2 
17 100 2 
17 103 2 
18 105 3 
18 107 3 
19 109 4 
19 109 4 
19 111 4 
19 111 6 
20 113 6 
20 114 6 
20 116 6 
20 119 6 
20 121 6 
20 124 6 
20 127 6 
20 128 6 
20 131 6 
20 134 6 
20 138 6 
20 141 6 
20 144 6 
20 147 6 
20 150 6 
20 153 6 
20 157 6 
20 161 6 
20 164 6 
20 166 6 
20 169 6 
20 171 6 
20 173 6 
21 174 6 
21 176 6 
21 179 6 
21 179 6 
21 182 6 
21 184 7 
21 187 7 
21 189 8 
21 191 10 
21 191 13 
21 193 13 
21 195 14 
21 198 15 
21 199 16 
21 200 19 
21 202 20 
21 203 21 
21 206 22 
21 208 23 
21 211 23 
21 211 27 
21 213 29 
21 214 31 
21 217 31 
21 220 32 
21 222 32 
21 226 32 
21 229 33 
21 229 35 
21 231 38 
21 232 39 
21 234 41 
21 236 41 
21 239 42 
21 241 43 
21 243 43 
21 244 45 
21 248 45 
21 250 46 
21 253 47 
21 255 48 
21 257 50 
21 260 51 
21 261 52 
21 263 54 
21 264 56 
21 266 57 
23 267 59 
23 268 59 
24 268 61 
24 270 62 
26 270 62 
27 271 62 
27 273 64 
27 274 64 
27 276 66 
27 278 67 
27 281 68 
27 283 70 
27 286 70 
27 288 72 
27 289 74 
27 291 76 
27 291 79 
27 291 80 
27 292 82 
28 294 83 
28 296 83 
28 299 83 
28 301 83 
28 304 83 
28 306 83 
28 310 83 
28 312 83 
28 314 83 
29 317 83 
29 320 83 
29 321 83 
30 323 83 
30 326 83 
31 328 83 
32 330 83 
33 331 83 
34 334 83 
36 336 83 
37 338 83 
39 340 83 
41 342 83 
43 343 83 
44 345 83 
46 346 83 
49 348 83 
49 349 83 
52 351 83 
55 351 83 
57 352 83 
59 352 83 
61 353 83 
63 353 83 
