0 0 
0 0 
1 0 
4 0 
6 1 
10 2 
10 2 
11 2 
13 2 
17 2 
20 2 
22 4 
23 4 
26 4 
30 4 
33 4 
35 5 
39 6 
43 7 
47 7 
50 7 
55 7 
58 7 
62 8 
65 9 
68 10 
72 13 
76 14 
78 14 
81 16 
83 19 
87 19 
89 22 
92 25 
95 28 
97 30 
100 34 
104 37 
106 40 
109 44 
111 46 
113 50 
116 54 
118 58 
120 61 
121 65 
124 68 
125 69 
127 72 
129 74 
131 76 
134 79 
136 82 
139 83 
141 85 
144 88 
145 91 
147 93 
150 97 
152 101 
154 104 
156 106 
160 110 
163 111 
165 114 
168 116 
172 119 
175 121 
177 125 
180 127 
180 131 
182 135 
183 137 
184 141 
186 145 
186 150 
189 153 
190 156 
193 160 
195 162 
197 165 
201 168 
203 172 
205 175 
208 177 
209 179 
212 183 
215 184 
217 188 
221 191 
222 193 
225 196 
227 200 
229 202 
232 205 
235 208 
236 208 
240 210 
243 213 
245 216 
246 220 
246 224 
249 229 
250 233 
252 237 
253 239 
255 244 
257 248 
260 250 
263 251 
265 255 
268 257 
268 259 
270 262 
272 267 
274 270 
277 271 
279 271 
281 274 
284 276 
286 279 
290 280 
291 284 
294 288 
297 293 
300 295 
303 298 
305 301 
307 304 
309 307 
313 311 
316 313 
317 317 
319 320 
321 323 
322 326 
325 331 
325 334 
329 339 
330 340 
333 342 
335 347 
338 350 
339 352 
341 355 
345 360 
346 362 
348 366 
349 368 
352 371 
353 375 
356 379 
359 382 
360 385 
363 388 
366 390 
367 392 
371 396 
373 398 
376 400 
377 403 
380 404 
381 406 
384 407 
386 411 
388 415 
390 418 
393 422 
395 424 
397 426 
398 429 
402 432 
402 434 
403 439 
405 442 
406 446 
408 448 
411 451 
413 453 
416 455 
