0 0 
0 0 
0 0 
1 0 
2 0 
3 0 
4 0 
4 0 
4 0 
5 0 
6 0 
7 0 
8 0 
10 0 
12 0 
13 0 
14 0 
16 0 
17 0 
19 0 
20 0 
22 0 
23 1 
25 1 
25 1 
28 1 
28 1 
30 1 
31 1 
31 1 
34 1 
34 1 
37 1 
37 1 
39 1 
41 1 
42 1 
43 2 
44 2 
44 2 
46 3 
46 3 
47 3 
48 3 
48 3 
49 3 
50 3 
51 3 
53 3 
54 3 
55 3 
57 3 
58 3 
60 3 
61 3 
62 3 
64 3 
65 4 
66 4 
68 4 
68 4 
68 5 
68 6 
68 7 
68 8 
68 9 
68 10 
68 10 
68 10 
68 10 
69 10 
69 11 
69 11 
69 11 
69 11 
69 13 
69 13 
69 13 
69 13 
69 13 
69 13 
69 13 
70 13 
71 15 
71 15 
71 15 
71 15 
71 16 
71 16 
71 17 
71 17 
71 17 
72 17 
72 17 
72 17 
72 17 
72 18 
72 19 
72 19 
73 19 
73 19 
73 19 
74 20 
74 20 
74 21 
74 23 
74 23 
74 23 
74 23 
74 24 
74 24 
74 26 
74 27 
74 27 
74 27 
75 27 
75 28 
77 28 
77 29 
77 30 
77 30 
77 31 
77 33 
77 33 
77 33 
77 33 
77 33 
77 34 
77 34 
77 37 
77 37 
77 38 
77 39 
77 41 
77 43 
77 44 
78 45 
78 46 
78 47 
78 49 
78 50 
78 52 
78 53 
78 55 
78 56 
78 58 
78 59 
78 62 
78 63 
78 65 
78 66 
78 69 
78 70 
78 73 
78 74 
78 77 
78 78 
78 79 
78 80 
78 82 
79 82 
81 83 
82 83 
82 83 
84 83 
84 84 
85 84 
86 84 
87 84 
89 84 
90 84 
92 84 
93 84 
95 84 
95 84 
96 84 
98 84 
99 84 
100 84 
102 84 
