0 0 
0 0 
0 0 
0 1 
3 2 
3 4 
3 4 
4 7 
5 7 
6 7 
8 8 
10 10 
12 11 
13 12 
15 14 
16 16 
16 18 
17 21 
17 24 
17 26 
18 28 
18 29 
19 32 
19 33 
20 36 
20 38 
20 41 
20 43 
20 45 
20 49 
20 51 
20 53 
20 56 
20 56 
21 57 
21 59 
23 60 
25 63 
26 63 
29 64 
31 65 
32 66 
35 67 
36 68 
37 72 
37 73 
38 76 
38 79 
39 81 
39 84 
39 85 
41 88 
42 90 
44 92 
45 93 
47 95 
49 96 
50 98 
53 99 
55 99 
58 100 
61 100 
64 101 
67 101 
70 102 
73 103 
75 104 
77 106 
78 107 
79 110 
79 112 
79 114 
79 117 
79 121 
79 124 
79 127 
79 131 
79 134 
79 137 
79 141 
79 142 
79 144 
79 147 
79 150 
79 154 
79 156 
79 160 
79 163 
79 165 
80 168 
80 170 
81 173 
81 175 
81 178 
82 180 
82 183 
82 186 
82 189 
82 192 
82 193 
82 195 
82 197 
82 200 
82 203 
82 207 
82 209 
82 211 
82 214 
83 216 
83 217 
83 219 
83 223 
83 224 
83 226 
83 230 
83 232 
83 234 
83 237 
83 239 
83 242 
83 245 
83 248 
83 251 
83 254 
83 257 
84 260 
84 260 
87 260 
89 262 
89 262 
89 264 
89 265 
89 268 
89 270 
90 271 
93 271 
95 271 
95 271 
95 271 
98 271 
99 271 
102 271 
105 271 
108 271 
110 271 
112 271 
113 271 
116 271 
118 271 
119 272 
122 273 
124 273 
128 273 
130 273 
132 273 
135 273 
137 273 
140 273 
143 274 
144 274 
147 275 
147 278 
148 278 
148 280 
148 282 
148 282 
148 285 
148 287 
148 291 
148 293 
148 295 
148 298 
148 301 
148 304 
148 306 
148 310 
148 312 
148 314 
148 318 
148 320 
