0 0 
0 0 
1 0 
4 1 
11 4 
17 8 
19 12 
22 15 
26 18 
31 21 
33 27 
38 31 
40 37 
45 41 
47 45 
50 50 
51 52 
53 57 
55 61 
57 66 
59 68 
59 73 
62 77 
65 82 
67 86 
70 93 
71 100 
74 107 
76 115 
81 121 
84 127 
89 134 
93 140 
97 146 
102 150 
107 156 
111 163 
115 169 
119 173 
123 180 
125 184 
130 190 
133 199 
137 204 
140 210 
145 217 
149 222 
155 226 
157 233 
162 235 
164 240 
168 246 
171 253 
175 260 
182 266 
186 269 
189 273 
194 276 
200 279 
206 283 
212 287 
216 290 
221 293 
226 296 
230 300 
237 303 
243 307 
251 312 
257 317 
261 319 
268 321 
272 326 
273 330 
278 334 
283 339 
286 345 
292 349 
297 354 
305 360 
308 364 
312 370 
315 376 
320 381 
325 386 
327 392 
333 396 
336 400 
341 404 
345 410 
348 414 
350 416 
356 421 
360 423 
362 427 
368 435 
373 440 
374 444 
375 449 
379 454 
385 458 