0 0 
0 0 
1 0 
3 0 
7 3 
10 9 
12 11 
15 13 
21 14 
27 15 
33 15 
41 18 
46 20 
55 24 
57 29 
59 34 
65 37 
68 37 
73 40 
79 43 
87 48 
91 53 
92 58 
95 63 
97 66 
100 72 
102 77 
102 84 
106 93 
106 99 
107 105 
109 111 
109 119 
109 126 
109 133 
109 141 
109 146 
109 151 
109 157 
109 165 
109 170 
109 175 
109 180 
109 187 
109 193 
109 198 
109 203 
109 208 
109 217 
109 223 
109 231 
109 237 
109 241 
109 247 
109 255 
109 263 
109 267 
109 275 
109 281 
109 289 
109 292 
109 298 
109 304 
109 311 
109 315 
109 321 
109 323 
109 330 
109 336 
109 343 
109 350 
109 356 
109 360 
109 365 
109 371 
109 377 
109 384 
109 393 
109 397 
109 406 
109 413 
109 420 
109 428 
109 433 
109 443 
109 448 
109 454 
109 459 
109 466 
109 474 
109 481 
109 488 
109 496 
109 504 
109 511 
109 518 
109 522 
109 526 
109 531 
109 539 
