0 0 
0 0 
3 0 
12 0 
16 2 
17 4 
20 10 
25 13 
31 16 
38 17 
44 23 
46 25 
49 30 
53 31 
55 38 
59 44 
63 52 
67 55 
71 59 
75 64 
81 70 
82 75 
88 81 
93 87 
99 92 
102 98 
106 105 
110 112 
114 120 
117 128 
123 136 
129 138 
133 140 
138 144 
143 148 
149 150 
152 155 
158 159 
163 164 
167 170 
170 177 
173 184 
174 192 
178 197 
180 200 
185 207 
193 212 
197 218 
202 225 
206 233 
211 238 
218 245 
224 250 
231 254 
237 259 
242 263 
248 270 
250 277 
255 283 
263 289 
270 296 
273 303 
277 310 
285 317 
290 321 
296 329 
300 336 
302 342 
305 351 
307 359 
310 364 
313 368 
316 372 
318 378 
321 384 
325 388 
329 392 
334 398 
338 404 
341 412 
347 417 
355 420 
358 429 
360 434 
363 443 
369 449 
371 456 
376 460 
380 464 
383 473 
389 477 
391 482 
398 491 
401 499 
407 505 
413 512 
420 516 
425 519 
433 525 
442 530 
449 533 
456 536 
459 542 
463 546 
467 554 
470 560 
471 570 
474 576 
477 582 
481 584 
487 587 
493 592 
497 597 
502 603 
