0 0 
0 0 
0 0 
0 1 
5 5 
8 10 
11 13 
14 17 
17 20 
22 24 
25 29 
28 36 
29 40 
33 45 
37 48 
41 51 
41 58 
43 64 
43 70 
44 78 
44 82 
45 90 
47 95 
51 99 
54 105 
54 111 
55 117 
59 122 
59 129 
59 137 
60 143 
60 149 
62 155 
64 161 
65 170 
68 173 
70 180 
74 185 
75 191 
75 198 
75 202 
75 209 
75 215 
75 222 
75 231 
75 240 
75 244 
75 250 
75 257 
75 263 
75 269 
75 272 
75 278 
75 284 
75 293 
75 300 
75 304 
75 311 
75 316 
75 323 
75 330 
75 337 
75 344 
75 352 
75 359 
75 366 
75 371 
75 380 
75 386 
75 392 
75 398 
75 403 
75 408 
75 416 
75 421 
75 425 
75 431 
75 438 
75 444 
75 451 
75 458 
75 465 
75 473 
75 481 
75 486 
75 492 
75 497 
75 503 
75 511 
75 517 
75 525 
75 529 
75 536 
75 540 
75 546 
75 554 
75 560 
75 567 
75 574 
75 582 
75 589 
75 598 
75 604 
75 610 
75 617 
75 623 
75 630 
75 637 
75 643 
75 650 
75 654 
75 662 
75 668 
75 678 
