0 
0 
0 
1 
2 
5 
6 
9 
9 
11 
14 
17 
19 
20 
22 
25 
28 
31 
33 
36 
38 
40 
44 
48 
51 
54 
56 
57 
58 
61 
64 
67 
69 
74 
74 
77 
81 
86 
87 
91 
95 
99 
103 
106 
109 
111 
113 
117 
118 
120 
124 
129 
130 
131 
135 
138 
140 
144 
147 
149 
154 
155 
159 
161 
164 
168 
172 
174 
176 
180 
183 
183 
186 
189 
191 
193 
197 
199 
202 
207 
209 
212 
215 
219 
222 
226 
228 
230 
236 
240 
242 
243 
245 
248 
251 
254 
257 
260 
264 
268 
269 
271 
273 
277 
279 
282 
283 
290 
292 
292 
294 
298 
300 
302 
307 
309 
312 
314 
315 
316 
318 
322 
327 
331 
333 
334 
337 
339 
341 
343 
345 
349 
353 
356 
359 
361 
363 
367 
370 
376 
379 
383 
386 
392 
393 
396 
399 
401 
404 
407 
411 
415 
419 
423 
424 
427 
431 
433 
434 
439 
442 
447 
449 
453 
457 
460 
462 
464 
468 
468 
471 
474 
478 
484 
484 
488 
491 
495 
499 
502 
