0 
0 
0 
1 
2 
2 
2 
3 
4 
4 
5 
6 
7 
8 
10 
10 
13 
13 
14 
16 
17 
19 
21 
22 
24 
25 
26 
28 
29 
29 
30 
30 
31 
33 
34 
34 
36 
37 
39 
40 
42 
42 
43 
44 
45 
45 
47 
47 
49 
50 
52 
53 
54 
55 
56 
56 
58 
58 
58 
58 
59 
59 
59 
60 
61 
61 
62 
63 
63 
63 
63 
63 
64 
64 
64 
64 
65 
66 
66 
67 
69 
69 
69 
69 
69 
69 
70 
70 
71 
72 
72 
72 
72 
72 
72 
72 
72 
73 
73 
73 
74 
74 
74 
74 
75 
75 
75 
75 
75 
76 
77 
77 
78 
78 
79 
79 
79 
79 
79 
79 
80 
80 
82 
83 
83 
84 
84 
84 
85 
85 
85 
85 
85 
85 
86 
87 
89 
90 
90 
91 
91 
93 
94 
95 
96 
97 
99 
100 
100 
101 
102 
102 
103 
104 
104 
106 
106 
107 
109 
109 
111 
112 
113 
114 
114 
116 
117 
118 
118 
118 
118 
118 
118 
119 
121 
121 
121 
121 
121 
123 
