0 
0 
0 
1 
2 
4 
4 
5 
5 
7 
7 
7 
7 
9 
11 
13 
14 
14 
15 
16 
19 
20 
20 
22 
23 
26 
28 
29 
31 
32 
33 
35 
37 
38 
39 
41 
41 
43 
46 
50 
50 
52 
54 
58 
60 
63 
64 
66 
68 
71 
72 
73 
76 
78 
81 
83 
86 
88 
90 
95 
97 
100 
101 
104 
106 
109 
110 
113 
114 
116 
118 
118 
119 
121 
123 
123 
126 
128 
131 
131 
132 
135 
137 
139 
139 
141 
143 
144 
147 
149 
152 
154 
157 
160 
162 
165 
168 
170 
170 
172 
173 
174 
174 
175 
175 
177 
178 
179 
180 
182 
183 
185 
185 
188 
190 
192 
192 
194 
196 
197 
197 
201 
204 
206 
207 
208 
211 
214 
217 
219 
220 
224 
226 
228 
231 
233 
233 
235 
236 
238 
239 
239 
241 
243 
245 
247 
248 
249 
252 
254 
258 
260 
261 
265 
266 
267 
271 
272 
273 
276 
279 
282 
284 
287 
290 
293 
295 
296 
297 
299 
299 
304 
304 
305 
307 
310 
312 
314 
318 
320 
